1982 11 10 1  1  2 1 60 0 0 0 0 Police^
 0 0 0 0 0 0 3 3 4 5 6 7 8 9 1 5 Mtrcle^
1982 11 20 2  1  2 2 60 0 0 0 0 Police^
 1 0 0 0 0 2 0  0  0 0 0 0 0 4 0 Cruser^
1982 11 30 3  1  2 3 95 0 0 0 0 Police^
 0 0 0 0 0 0 0 0 0 0 0 0 0 0 0 0 Fascar^
1982 11 20 7  1  2 2 60 0 0 0 0 Police^
 0 0 0 0 0 0 0 0 0 0 0 0 0 0 0 0 Unmrkd^
1982 11 50 4  1  2 2 50 0 0 0 0 Police^
 0 0 0 0 0 0 0 0 0 0 0 0 0 0 0 0 Van^
1982 11 100 5  1  2 5 99 0 0 0 0 Police^
 0 0 0 0 0 0 0 0 0 0 0 0 0 0 0 0 Hlcptr^
1983 11 1000 7  1  2 0 0 0 0 0 0 Police^
 0 0 0 0 0 0 0 0 0 0 0 0 0 0 0 0 Cruser^
1984 10 1000 8  1  2 0 0 0 0 0 0 Police^
 0 0 0 0 0 0 0 0 0 0 0 0 0 0 0 0 Cruser^
1985 10 1000 9  1  2 0 0 0 0 0 0 Police^
 0 0 0 0 0 0 0 0 0 0 0 0 0 0 0 0 Cruser^
1986 10 1000 7  2  0 0 0 0 0 0 0 Shit^
 0 0 0 0 0 0 0 0 0 0 0 0 0 0 0 0 onaStik^
1987 7  6    54 54 0 0 60 0 0 0 0 Ford^
 0 0 0 0 0 0 0 0 0 0 0 0 0 0 0 0 Taurus^
1982 11 4    55 55 0 0 60 0 0 0 0 Ford^
 0 0 0 0 0 0 0 0 0 0 0 0 0 0 0 0 Ranger^
1983 5  2    53 53 0 0 50 0 0 0 0 Ford^
 0 0 0 0 0 0 0 0 0 0 0 0 0 0 0 0 Fesiva^
1982 11 5    54 54 0 0 55 0 0 0 0 Ford^
 0 0 0 0 0 0 0 0 0 0 0 0 0 0 0 0 Escort^
1964 29 4    52 52 0 0 90 0 0 0 0 Ford^
 0 0 0 0 0 0 0 0 0 0 0 0 0 0 0 0 Mustang^
1984 9  3    55 55 0 0 60 0 0 0 0 Chevy^
 0 0 0 0 0 0 0 0 0 0 0 0 0 0 0 0 S-10^
1983 10 3    10 10 0 0 70 0 0 0 0 Chevy^
 0 0 0 0 0 0 0 0 0 0 0 0 0 0 0 0 Beretta^
1979 14 4    52 52 0 0 90 0 0 0 0 Chevy^
 0 0 0 0 0 0 0 0 0 0 0 0 0 0 0 0 Camaro^
1979 14 2    52 52 0 0 95 0 0 0 0 Chevy^
 0 0 0 0 0 0 0 0 0 0 0 0 0 0 0 0 Crvtte^
1979 14 4    55 55 0 0 60 0 0 0 0 Toyota^
 0 0 0 0 0 0 0 0 0 0 0 0 0 0 0 0 Truck^
1982 11 5    54 54 0 0 60 0 0 0 0 Toyota^
 0 0 0 0 0 0 0 0 0 0 0 0 0 0 0 0 Camry^
1979 14 3    53 53 0 0 50 0 0 0 0 Toyota^
 0 0 0 0 0 0 0 0 0 0 0 0 0 0 0 0 Tercel^
1984 9  3    53 53 0 0 50 0 0 0 0 Nissan^
 0 0 0 0 0 0 0 0 0 0 0 0 0 0 0 0 Sentra^
1979 14 3    55 55 0 0 60 0 0 0 0 Nissan^
 0 0 0 0 0 0 0 0 0 0 0 0 0 0 0 0 Truck^
1979 14 3    51 51 0 0 60 0 0 0 0 Buick^
 0 0 0 0 0 0 0 0 0 0 0 0 0 0 0 0 Skylrk^
1972 21 3    51 51 0 0 50 0 0 0 0 Cadlac^
 0 0 0 0 0 0 0 0 0 0 0 0 0 0 0 0 Brgham^
1984 9  2    54 54 0 0 60 0 0 0 0 Dodge^
 0 0 0 0 0 0 0 0 0 0 0 0 0 0 0 0 Spirit^
1979 14 1    51 51 0 0 60 0 0 0 0 Olds^
 0 0 0 0 0 0 0 0 0 0 0 0 0 0 0 0 Ctlss^
0    0  0    0  0  0 0 0 0 0 0 20 Piec^
 0 0 0 0 0 0 3 3 4 5 6 7 8 9 1 5 Ocrap^
